Mar-03-2017	138.78	139.83	138.59	139.78	21108100
Mar-02-2017	140	140.28	138.76	138.96	26211000
Mar-01-2017	137.89	140.15	137.6	139.79	36414600
Feb-28-2017	137.08	137.44	136.7	136.99	23482900
Feb-27-2017	137.14	137.44	136.28	136.93	20257400
Feb-24-2017	135.91	136.66	135.28	136.66	21776600
Feb-23-2017	137.38	137.48	136.3	136.53	20788200
Feb-22-2017	136.43	137.12	136.11	137.11	20836900
Feb-21-2017	136.23	136.75	135.98	136.7	24507200
Feb-17-2017	135.1	135.83	135.1	135.72	22198200
Feb-16-2017	135.67	135.9	134.84	135.35	22584600
Feb-15-2017	135.52	136.27	134.62	135.51	35623100
Feb-14-2017	133.47	135.09	133.25	135.02	33226200
Feb-13-2017	133.08	133.82	132.75	133.29	23035400
Feb-10-2017	132.46	132.94	132.05	132.12	20065500
Feb-09-2017	131.65	132.45	131.12	132.42	28349900
Feb-08-2017	131.35	132.22	131.22	132.04	23004100
Feb-07-2017	130.54	132.09	130.45	131.53	38183800
Feb-06-2017	129.13	130.5	128.9	130.29	26845900
Feb-03-2017	128.31	129.19	128.16	129.08	24507300
Feb-02-2017	127.98	129.39	127.78	128.53	33710400
Feb-01-2017	127.03	130.49	127.01	128.75	111985000
Jan-31-2017	121.15	121.39	120.62	121.35	49201000
Jan-30-2017	120.93	121.63	120.66	121.63	30377500
Jan-27-2017	122.14	122.35	121.6	121.95	20562900
Jan-26-2017	121.67	122.44	121.6	121.94	26337600
Jan-25-2017	120.42	122.1	120.28	121.88	32377600
Jan-24-2017	119.55	120.1	119.5	119.97	23211000
Jan-23-2017	120	120.81	119.77	120.08	22050200
Jan-20-2017	120.45	120.45	119.73	120	32597900
Jan-19-2017	119.4	120.09	119.37	119.78	25597300
Jan-18-2017	120	120.5	119.71	119.99	23713000
Jan-17-2017	118.34	120.24	118.22	120	34439800
Jan-13-2017	119.11	119.62	118.81	119.04	26111900
Jan-12-2017	118.9	119.3	118.21	119.25	27086200
Jan-11-2017	118.74	119.93	118.6	119.75	27588600
Jan-10-2017	118.77	119.38	118.3	119.11	24462100
Jan-09-2017	117.95	119.43	117.94	118.99	33387600
Jan-06-2017	116.78	118.16	116.47	117.91	31751900
Jan-05-2017	115.92	116.86	115.81	116.61	22193600
Jan-04-2017	115.85	116.51	115.75	116.02	21118100
Jan-03-2017	115.8	116.33	114.76	116.15	28781900
Dec-30-2016	116.65	117.2	115.43	115.82	30586300
Dec-29-2016	116.45	117.11	116.4	116.73	15039500
Dec-28-2016	117.52	118.02	116.2	116.76	20905900
Dec-27-2016	116.52	117.8	116.49	117.26	18296900
Dec-23-2016	115.59	116.52	115.59	116.52	14249500
Dec-22-2016	116.35	116.51	115.64	116.29	26085900
Dec-21-2016	116.8	117.4	116.78	117.06	23783200
Dec-20-2016	116.74	117.5	116.68	116.95	21425000
Dec-19-2016	115.8	117.38	115.75	116.64	27779400
Dec-16-2016	116.47	116.5	115.65	115.97	44351100
Dec-15-2016	115.38	116.73	115.23	115.82	46524500
Dec-14-2016	115.04	116.2	114.98	115.19	34031800
Dec-13-2016	113.84	115.92	113.75	115.19	43733800
Dec-12-2016	113.29	115	112.49	113.3	26374400
Dec-09-2016	112.31	114.7	112.31	113.95	34402600
Dec-08-2016	110.86	112.43	110.6	112.12	27068300
Dec-07-2016	109.26	111.19	109.16	111.03	29998700
Dec-06-2016	109.5	110.36	109.19	109.95	26195500
Dec-05-2016	110	110.03	108.25	109.11	34324500
Dec-02-2016	109.17	110.09	108.85	109.9	26528000
Dec-01-2016	110.37	110.94	109.03	109.49	37086900
Nov-30-2016	111.6	112.2	110.27	110.52	36162300
Nov-29-2016	110.78	112.03	110.07	111.46	28528800
Nov-28-2016	111.43	112.47	111.39	111.57	27194000
Nov-25-2016	111.13	111.87	110.95	111.79	11475900
Nov-23-2016	111.36	111.51	110.33	111.23	27426400
Nov-22-2016	111.95	112.42	111.4	111.8	25965500
Nov-21-2016	110.12	111.99	110.01	111.73	29264600
Nov-18-2016	109.72	110.54	109.66	110.06	28428900
Nov-17-2016	109.81	110.35	108.83	109.95	27632000
Nov-16-2016	106.7	110.23	106.6	109.99	58840500
Nov-15-2016	106.57	107.68	106.16	107.11	32264500
Nov-14-2016	107.71	107.81	104.08	105.71	51175500
Nov-11-2016	107.12	108.87	106.55	108.43	34143900
Nov-10-2016	111.09	111.09	105.83	107.79	57134500
Nov-09-2016	109.88	111.32	108.05	110.88	59176400
Nov-08-2016	110.31	111.72	109.7	111.06	24054500
Nov-07-2016	110.08	110.51	109.46	110.41	32560000
Nov-04-2016	108.53	110.25	108.11	108.84	30837000
Nov-03-2016	110.98	111.46	109.55	109.83	26932600
Nov-02-2016	111.4	112.35	111.23	111.59	28331700
Nov-01-2016	113.46	113.77	110.53	111.49	43825800
Oct-31-2016	113.65	114.23	113.2	113.54	26419400
Oct-28-2016	113.87	115.21	113.45	113.72	37861700
Oct-27-2016	115.39	115.86	114.1	114.48	34562000
Oct-26-2016	114.31	115.7	113.31	115.59	66134200
Oct-25-2016	117.95	118.36	117.31	118.25	48129000
Oct-24-2016	117.1	117.74	117	117.65	23538700
Oct-21-2016	116.81	116.91	116.28	116.6	23192700
Oct-20-2016	116.86	117.38	116.33	117.06	24125800
Oct-19-2016	117.25	117.76	113.8	117.12	20034600
Oct-18-2016	118.18	118.21	117.45	117.47	24553500
Oct-17-2016	117.33	117.84	116.78	117.55	23624900
Oct-14-2016	117.88	118.17	117.13	117.63	35652200
Oct-13-2016	116.79	117.44	115.72	116.98	35192400
Oct-12-2016	117.35	117.98	116.75	117.34	37586800
Oct-11-2016	117.7	118.69	116.2	116.3	64041000
Oct-10-2016	115.02	116.75	114.72	116.05	36236000
Oct-07-2016	114.31	114.56	113.51	114.06	24358400
