139.78
138.96
139.79
136.99
136.93
136.66
136.53
137.11
136.7
135.72
135.35
135.51
135.02
133.29
132.12
132.42
132.04
131.53
130.29
129.08
128.53
128.75
121.35
121.63
121.95
121.94
121.88
119.97
120.08
120
119.78
119.99
120
119.04
119.25
119.75
119.11
118.99
117.91
116.61
116.02
116.15
115.82
116.73
116.76
117.26
116.52
116.29
117.06
116.95
116.64
115.97
115.82
115.19
115.19
113.3
113.95
112.12
111.03
109.95
109.11
109.9
109.49
110.52
111.46
111.57
111.79
111.23
111.8
111.73
110.06
109.95
109.99
107.11
105.71
108.43
107.79
110.88
111.06
110.41
108.84
109.83
111.59
111.49
113.54
113.72
114.48
115.59
118.25
117.65
116.6
117.06
117.12
117.47
117.55
117.63
116.98
117.34
116.3
116.05
114.06
113.89
113.05
113
112.52
113.05
112.18
113.95
113.09
112.88
112.71
114.62
113.55
113.57
113.58
114.92
115.57
111.77
107.95
105.44
103.13
105.52
108.36
107.7
107.73
106.73
106.1
106
106.82
106.94
107.57
108.03
108.85
108.51
109.36
109.08
109.22
109.38
109.48
108.18
107.93
108
108.81
108.37
107.48
105.87
105.79
104.48
106.05
104.21
104.34
102.95
96.67
97.34
98.66
99.43
99.96
99.87
99.83
98.78
98.79
96.87
97.42
96.98
96.68
95.94
95.53
94.99
95.89
95.6
94.4
93.59
92.04
93.4
96.1
95.55
95.91
95.1
95.33
97.55
97.14
97.46
97.34
98.83
99.65
98.94
99.03
98.63
97.92
97.72
98.46
99.86
100.35
100.41
99.62
97.9
96.43
95.22
94.2
94.56
93.49
93.88
90.52
90.34
92.51
93.42
92.79
92.72
93.24
94.19
95.18
93.64
93.74
94.83
97.82
104.35
105.08
105.68
105.97
107.13
106.91
107.48
109.85
112.1
112.04
110.44
109.02
108.66
108.54
110.96
109.81
111.12
109.99
108.99
109.56
107.68
105.19
105.67
106.13
106.72
105.91
105.92
105.8
105.97
104.58
102.52
102.26
101.17
101.12
101.03
101.87
103.01